3 3 0 0 2 2
1 2 3
4 5 6
7 8 0
4 4 0 0 3 3
2 2 2 2
3 1 4 3
5 6 7 8
1 2 3 0
10 7 0 0 9 6
3 1 4 2 5 7 6
6 2 8 3 1 5 4
7 6 3 9 2 8 1
2 4 7 5 6 1 3
8 3 1 4 7 9 6
4 5 6 7 8 2 9
9 8 7 6 5 4 3
1 7 5 3 9 2 8
6 4 3 8 1 7 5
3 2 8 8 2 9 0
5 5 0 0 1 3
3 4 1 3 1
3 3 3 0 2
3 1 2 2 3
4 2 3 3 3
4 1 4 3 2
5 5 0 0 4 4
3 3 2 4 3
2 2 2 1 1
4 3 1 3 4
2 3 1 1 3
1 1 3 2 0
1 30 0 0 0 10
15 11 19 21 7 1 23 12 17 1 0 10 4 9 12 1 10 2 6 10 3 7 4 6 1 3 24 25 23 2
5 5 0 0 4 4
1 1 1 1 1
1 1 1 1 1
1 1 1 1 1
1 1 1 1 1
1 1 1 1 0
0
